===========================================================================================================================================================
                                             MITOCHONDRIAL RNA ALIGNMENT REPORT (FILTER MODE: BOTH)
===========================================================================================================================================================

Sample Name                  | Total   | Aligned | MT Frac | Mean Scr | Min Scr  | Max Scr  | Mean Edit | Min Edit | Max Edit | Cov %   | Mean Depth
-----------------------------------------------------------------------------------------------------------------------------------------------------------
w21_SRR6706578_500k.fastq    | 500000  | 42222   | 0.0844  | 0.9973   | 0.7000   | 1.0000   | 0.11      | 0        | 3        | 93.73  % | 122.44    
w21_SRR6706582_500k.fastq    | 500000  | 27923   | 0.0558  | 0.9963   | 0.7000   | 1.0000   | 0.15      | 0        | 3        | 92.35  % | 80.99     
w22_SRR6706579_500k.fastq    | 500000  | 32777   | 0.0656  | 0.9946   | 0.7000   | 1.0000   | 0.24      | 0        | 3        | 92.69  % | 95.08     
w22_SRR6706583_500k.fastq    | 500000  | 33096   | 0.0662  | 0.9949   | 0.7000   | 1.0000   | 0.22      | 0        | 3        | 92.74  % | 96.01     
w23_SRR6706580_500k.fastq    | 500000  | 29552   | 0.0591  | 0.9947   | 0.7000   | 1.0000   | 0.23      | 0        | 3        | 92.16  % | 85.72     
w23_SRR6706581_500k.fastq    | 500000  | 27626   | 0.0553  | 0.9943   | 0.7000   | 1.0000   | 0.25      | 0        | 3        | 92.38  % | 80.13     
w23_SRR6706584_500k.fastq    | 500000  | 40660   | 0.0813  | 0.9953   | 0.7000   | 1.0000   | 0.20      | 0        | 3        | 92.39  % | 117.91    
w23_SRR6706585_500k.fastq    | 500000  | 36771   | 0.0735  | 0.9946   | 0.7000   | 1.0000   | 0.24      | 0        | 3        | 93.42  % | 106.64    
y26_SRR6706570_500k.fastq    | 500000  | 25757   | 0.0515  | 0.9950   | 0.7000   | 1.0000   | 0.22      | 0        | 3        | 91.57  % | 74.70     
y26_SRR6706574_500k.fastq    | 500000  | 19487   | 0.0390  | 0.9948   | 0.7000   | 1.0000   | 0.23      | 0        | 3        | 88.98  % | 56.53     
y35_SRR6706571_500k.fastq    | 500000  | 23176   | 0.0464  | 0.9946   | 0.7000   | 1.0000   | 0.24      | 0        | 3        | 90.80  % | 67.22     
y35_SRR6706575_500k.fastq    | 500000  | 19686   | 0.0394  | 0.9949   | 0.7000   | 1.0000   | 0.23      | 0        | 3        | 90.73  % | 57.11     
y50_SRR6706572_500k.fastq    | 500000  | 23030   | 0.0461  | 0.9961   | 0.7000   | 1.0000   | 0.18      | 0        | 3        | 90.26  % | 66.78     
y50_SRR6706576_500k.fastq    | 500000  | 21210   | 0.0424  | 0.9960   | 0.7000   | 1.0000   | 0.17      | 0        | 3        | 90.71  % | 61.52     
y70_SRR6706573_500k.fastq    | 500000  | 31382   | 0.0628  | 0.9949   | 0.7000   | 1.0000   | 0.23      | 0        | 3        | 90.95  % | 91.03     
y70_SRR6706577_500k.fastq    | 500000  | 29412   | 0.0588  | 0.9948   | 0.7000   | 1.0000   | 0.22      | 0        | 3        | 91.93  % | 85.33     
-----------------------------------------------------------------------------------------------------------------------------------------------------------
