===========================================================================================================================================================
                                             MITOCHONDRIAL RNA ALIGNMENT REPORT (FILTER MODE: KMER)
===========================================================================================================================================================

Sample Name                  | Total   | Aligned | MT Frac | Mean Scr | Min Scr  | Max Scr  | Mean Edit | Min Edit | Max Edit | Cov %   | Mean Depth
-----------------------------------------------------------------------------------------------------------------------------------------------------------
w21_SRR6706578_500k.fastq    | 500000  | 42365   | 0.0847  | 0.9967   | 0.7000   | 1.0000   | 0.13      | 0        | 15       | 94.05  % | 122.85    
w21_SRR6706582_500k.fastq    | 500000  | 27995   | 0.0560  | 0.9959   | 0.7000   | 1.0000   | 0.16      | 0        | 15       | 92.60  % | 81.20     
w22_SRR6706579_500k.fastq    | 500000  | 32899   | 0.0658  | 0.9941   | 0.7000   | 1.0000   | 0.26      | 0        | 15       | 92.77  % | 95.43     
w22_SRR6706583_500k.fastq    | 500000  | 33200   | 0.0664  | 0.9945   | 0.7000   | 1.0000   | 0.24      | 0        | 14       | 92.82  % | 96.31     
w23_SRR6706580_500k.fastq    | 500000  | 29648   | 0.0593  | 0.9942   | 0.7000   | 1.0000   | 0.25      | 0        | 15       | 92.38  % | 86.00     
w23_SRR6706581_500k.fastq    | 500000  | 27705   | 0.0554  | 0.9939   | 0.7000   | 1.0000   | 0.27      | 0        | 15       | 92.47  % | 80.36     
w23_SRR6706584_500k.fastq    | 500000  | 40849   | 0.0817  | 0.9945   | 0.7000   | 1.0000   | 0.24      | 0        | 15       | 92.72  % | 118.45    
w23_SRR6706585_500k.fastq    | 500000  | 36908   | 0.0738  | 0.9940   | 0.7000   | 1.0000   | 0.27      | 0        | 15       | 93.52  % | 107.03    
y26_SRR6706570_500k.fastq    | 500000  | 25869   | 0.0517  | 0.9943   | 0.7000   | 1.0000   | 0.25      | 0        | 15       | 91.65  % | 75.02     
y26_SRR6706574_500k.fastq    | 500000  | 19550   | 0.0391  | 0.9943   | 0.7000   | 1.0000   | 0.26      | 0        | 15       | 89.47  % | 56.71     
y35_SRR6706571_500k.fastq    | 500000  | 23238   | 0.0465  | 0.9942   | 0.7000   | 1.0000   | 0.26      | 0        | 15       | 90.90  % | 67.40     
y35_SRR6706575_500k.fastq    | 500000  | 19738   | 0.0395  | 0.9945   | 0.7000   | 1.0000   | 0.25      | 0        | 15       | 91.00  % | 57.26     
y50_SRR6706572_500k.fastq    | 500000  | 23096   | 0.0462  | 0.9956   | 0.7000   | 1.0000   | 0.20      | 0        | 15       | 90.26  % | 66.97     
y50_SRR6706576_500k.fastq    | 500000  | 21270   | 0.0425  | 0.9955   | 0.7000   | 1.0000   | 0.20      | 0        | 15       | 91.00  % | 61.69     
y70_SRR6706573_500k.fastq    | 500000  | 31496   | 0.0630  | 0.9944   | 0.7000   | 1.0000   | 0.25      | 0        | 15       | 91.27  % | 91.36     
y70_SRR6706577_500k.fastq    | 500000  | 29481   | 0.0590  | 0.9945   | 0.7000   | 1.0000   | 0.24      | 0        | 15       | 92.25  % | 85.53     
-----------------------------------------------------------------------------------------------------------------------------------------------------------
