===========================================================================================================================================================
                                             MITOCHONDRIAL RNA ALIGNMENT REPORT (FILTER MODE: BOTH)
===========================================================================================================================================================

Sample Name                  | Total   | Aligned | MT Frac | Mean Scr | Min Scr  | Max Scr  | Mean Edit | Min Edit | Max Edit | Cov %   | Mean Depth
-----------------------------------------------------------------------------------------------------------------------------------------------------------
w21_SRR6706578_500k.fastq    | 500000  | 42173   | 0.0843  | 0.9974   | 0.7000   | 1.0000   | 0.10      | 0        | 2        | 93.63  % | 122.30    
w21_SRR6706582_500k.fastq    | 500000  | 27872   | 0.0557  | 0.9964   | 0.7000   | 1.0000   | 0.14      | 0        | 2        | 92.34  % | 80.85     
w22_SRR6706579_500k.fastq    | 500000  | 32659   | 0.0653  | 0.9949   | 0.7000   | 1.0000   | 0.23      | 0        | 2        | 92.54  % | 94.74     
w22_SRR6706583_500k.fastq    | 500000  | 32967   | 0.0659  | 0.9952   | 0.7000   | 1.0000   | 0.21      | 0        | 2        | 92.61  % | 95.64     
w23_SRR6706580_500k.fastq    | 500000  | 29460   | 0.0589  | 0.9949   | 0.7000   | 1.0000   | 0.22      | 0        | 2        | 91.90  % | 85.45     
w23_SRR6706581_500k.fastq    | 500000  | 27548   | 0.0551  | 0.9945   | 0.7000   | 1.0000   | 0.24      | 0        | 2        | 92.09  % | 79.91     
w23_SRR6706584_500k.fastq    | 500000  | 40564   | 0.0811  | 0.9955   | 0.7000   | 1.0000   | 0.20      | 0        | 2        | 92.26  % | 117.63    
w23_SRR6706585_500k.fastq    | 500000  | 36691   | 0.0734  | 0.9948   | 0.7000   | 1.0000   | 0.24      | 0        | 2        | 93.27  % | 106.40    
y26_SRR6706570_500k.fastq    | 500000  | 25666   | 0.0513  | 0.9952   | 0.7000   | 1.0000   | 0.21      | 0        | 2        | 91.48  % | 74.44     
y26_SRR6706574_500k.fastq    | 500000  | 19448   | 0.0389  | 0.9949   | 0.7000   | 1.0000   | 0.23      | 0        | 2        | 88.98  % | 56.42     
y35_SRR6706571_500k.fastq    | 500000  | 23117   | 0.0462  | 0.9948   | 0.7000   | 1.0000   | 0.24      | 0        | 2        | 90.80  % | 67.05     
y35_SRR6706575_500k.fastq    | 500000  | 19635   | 0.0393  | 0.9951   | 0.7000   | 1.0000   | 0.22      | 0        | 2        | 90.73  % | 56.96     
y50_SRR6706572_500k.fastq    | 500000  | 22977   | 0.0460  | 0.9963   | 0.7000   | 1.0000   | 0.17      | 0        | 2        | 90.23  % | 66.63     
y50_SRR6706576_500k.fastq    | 500000  | 21182   | 0.0424  | 0.9961   | 0.7000   | 1.0000   | 0.17      | 0        | 2        | 90.50  % | 61.44     
y70_SRR6706573_500k.fastq    | 500000  | 31253   | 0.0625  | 0.9952   | 0.7000   | 1.0000   | 0.22      | 0        | 2        | 90.82  % | 90.65     
y70_SRR6706577_500k.fastq    | 500000  | 29316   | 0.0586  | 0.9951   | 0.7000   | 1.0000   | 0.22      | 0        | 2        | 91.75  % | 85.06     
-----------------------------------------------------------------------------------------------------------------------------------------------------------
